3906
3996
5823
6635
2104
8393
7100
3323
7001
6068
4908
8922
3393
2625
6260
4040
9405
4263
5089
1109
445
9636
6108
256
3774
4680
5240
3057
9292
3001
8124
8395
7129
4165
906
6585
868
1435
927
652
3812
5561
4250
6286
9658
9524
8067
9854
4719
64
6146
6331
8408
2076
7694
5946
6893
2643
2577
9201
1034
328
6643
8562
2819
2335
6290
6746
6705
7113
7131
6789
6968
4478
1838
4371
6968
2842
3863
5078
6158
7851
445
401
9489
937
2896
9292
5496
7632
5596
3137
1671
3853
6290
95
8302
8410
6455
4528
552
7222
1993
9268
8793
2556
8100
6698
1292
6758
5643
8780
3928
3665
8032
2414
9879
186
5894
257
841
227
910
7020
2816
209
9106
1286
2990
3464
9831
6943
4660
7005
4784
6989
3688
9277
4273
6154
9852
1742
8447
8645
2139
1626
1202
5827
7224
7676
7667
2134
4824
5817
7610
7578
3563
609
9979
434
1982
3547
3926
2700
4604
6878
7906
3310
8026
7140
8038
1016
5581
1654
238
240
7336
8259
2112
8494
7930
3097
7675
5577
8043
6358
405
7410
7464
604
1735
2665
9083
1204
6031
2547
3263
9675
3379
5480
5257
1185
5593
8050
1903
4896
3953
2652
9035
7352
8527
8088
5053
6489
6753
6725
7462
4284
8538
4374
6378
4353
5860
6951
4308
7328
1893
1369
7369
588
2651
2224
8652
1411
8056
9632
6242
91
9988
3504
6760
8260
5143
4220
7263
6149
9203
9258
2471
7251
1595
3419
8347
5609
6982
5249
6359
7587
3631
5383
9826
979
5957
6599
9706
2223
3208
9210
9630
9913
1980
118
7317
6547
7955
8116
4328
5087
1655
5349
3893
7163
102
6498
1326
4300
7449
3884
5262
4219
3696
4299
232
3634
2455
8591
8966
8830
3838
973
186
7893
270
2665
7818
973
7955
9893
9413
8580
9240
4761
3182
1619
8043
900
3622
3183
3414
3381
3457
6890
5376
8045
2441
3317
7332
3651
8686
4078
7952
9577
3543
8660
6469
9581
9968
8806
5072
4153
2720
3591
3079
8356
761
7832
9582
9377
6466
8940
239
1451
8942
5139
3219
6227
4254
6239
7562
5454
8811
6699
3822
9549
6872
5536
6981
1995
3169
7306
5874
8084
5875
9511
8193
7757
9246
9951
6000
4467
723
1029
8812
8503
207
640
8621
3093
4137
5473
9539
6335
4200
1861
8723
9107
4018
8665
2202
1865
2684
7465
9187
1905
6382
2091
455
827
579
1760
3130
4721
4463
5549
2207
154
2010
9073
4878
1756
6432
2559
4301
2977
5331
422
536
3749
8965
7254
1556
5366
9122
3183
6496
854
6170
831
1079
7310
1433
974
5014
1795
4814
1410
1963
6148
9943
6378
5366
1588
2055
5289
6098
6454
7061
5309
4371
4524
2053
353
5088
304
5429
8259
9976
5825
2153
3471
4246
6061
4239
8528
6298
2709
5836
3428
928
7611
2522
6285
6529
6992
4802
6739
5712
2892
5980
36
7930
8662
9949
3816
2666
5854
7477
5344
7674
6160
3883
6698
5048
9904
2633
3700
976
2472
508
8495
3087
5184
4026
1427
6324
8273
2337
2469
7002
3876
5769
2860
6936
3879
6714
9678
3996
2702
458
3846
4339
7536
5311
6396
7422
5691
7896
8709
8451
4941
850
8975
8952
5129
7354
9798
9952
1230
2264
8905
2532
5166
1837
912
8534
6598
2856
4520
510
1340
5044
2680
9626
2270
84
6212
6332
6608
9035
4790
4101
3802
6384
3738
4548
1844
5772
1328
9634
7155
2564
9254
2482
2165
5217
403
2739
2431
3915
2477
3148
5508
2613
1758
5883
5041
7801
8462
2377
115
5073
3142
2855
8785
5895
1503
1435
2183
9045
6246
1839
29
183
2671
1253
9105
4798
5978
2363
7633
6883
1673
5442
727
1889
4275
4165
9951
559
1234
1908
8737
6978
7783
9025
4987
2896
8714
8008
3959
7217
4915
2483
1960
6074
8021
7966
5957
3526
9286
9131
1753
119
8443
666
6481
5143
6233
7467
281
9431
1663
6584
6656
8812
1662
2012
8509
5679
1226
7961
7385
7224
8294
9723
1650
7112
9817
779
1126
2170
4872
442
2363
3398
993
6526
1961
7669
8401
1726
7987
215
3662
5106
2068
1555
2428
3434
5329
3035
7946
9345
4352
1522
2576
881
8427
287
1797
2255
8190
7825
8379
8407
7125
6810
393
6061
6104
36
4378
5276
8286
4833
248
706
8477
5562
3569
8331
8915
4235
4016
4557
743
4283
4376
5162
4332
1150
8132
957
3661
6664
148
5431
4050
9381
7192
8831
7308
3069
7207
841
9301
8421
7565
4429
5981
3684
4618
367
9669
1335
6607
3043
4373
6606
9647
3027
1228
1730
6063
6373
2955
8410
1353
8198
7003
9066
4308
1670
5112
8534
2702
3868
4639
1166
2431
4678
7634
5079
2863
4737
9558
2415
8536
1803
5866
1720
9331
4843
100
5830
725
5257
5873
2782
2969
9573
6488
3936
965
8635
5520
1530
4327
9878
9803
4409
8640
1986
2630
9520
8847
2872
5928
2111
6291
7856
5911
6423
5580
5210
1722
4781
7093
2411
2881
7876
597
8697
1614
7177
5167
3663
7141
3288
6120
4807
6229
5866
9505
5500
2340
8935
796
5342
5362
7932
4194
9177
6904
2817
3760
6041
1041
35
9997
866
1249
423
1784
5912
2265
5464
8648
6940
233
7188
911
3444
3850
458
9547
3310
4891
201
774
5398
8285
5069
281
5287
9505
1794
1035
7820
1237
8005
7894
6540
2848
3465
3940
9099
6856
8737
4259
762
4628
2036
6851
7620
8001
3877
7196
8032
706
3072
6881
89
9136
5189
3211
5474
7372
5439
4716
1676
1409
7974
5997
8061
5301
4608
373
7134
4850
2411
1013
5812
8692
2915
1325
7173
945
4304
3208
9103
8086
8569
5165
3829
5093
5800
1817
6098
3811
1789
7204
7601
3021
9016
5586
5443
6477
2179
7057
7725
1418
2357
1150
9507
3462
1072
6079
2680
8750
259
2700
6364
3719
2458
9721
6128
5507
3044
2041
5223
7078
5945
8534
1078
3200
8754
8332
6591
9700
3524
6707
4894
9227
3701
7548
1678
6362
9904
2445
2276
7084
2182
2723
1511
5581
3771
687
1031
5505
9175
3056
299
6527
8432
7328
2208
8618
6007
9396
4505
8990
2821
3479
5926
4560
7762
3108
3610
1900
124
5459
4626
8023
5732
1553
7009
5497
7435
9307
3915
134
5473
7051
4418
9937
744
8001
8550
9947
7937
4254
1034
8879
582
232
2469
2532
6290
2201
3805
4246
4619
6864
279
6457
7701
1137
5304
9130
7852
1162
4302
2749
2668
8368
5433
6983
4609
3715
3548
7911
7051
5306
2106
7061
3964
8287
6193
8442
8977
4763
5217
5738
4379
3655
7158
5255
3767
2682
8145
9964
4795
3287
8896
8329
4288
2169
6085
7706
4043
8549
1905
2289
3089
9097
5154
4625
4865
678
5629
9615
8553
5960
6169
372
9242
6582
9744
2149
6716
3252
7161
6866
5765
9312
2679
7528
4580
7598
1905
8099
8550
5115
1768
3752
8790
9698
3939
6768
8548
2103
4284
3358
6913
9480
1180
1788
4568
5674
5148
5651
9581
9989
1850
542
27
3157
7919
2923
2022
5620
7584
8048
2966
9931
4358
7794
3424
1314
6386
1446
711
6515
1731
3137
3458
4231
1022
7646
4365
5030
821
9467
5662
7539
8308
7460
4010
1957
7203
3456
6092
1072
1789
542
3729
8915
1643
2123
294
2887
5136
4146
1632
394
4216
1109
5894
6988
9393
8137
6264
861
1147
7168
2396
5817
840
3745
2328
2211
5638
2407
1059
5325
3897
5233
6592
1567
3781
3986
5919
6786
5081
8674
1893
2793
99
6281
5115
3835
2882
4155
9198
7767
3889
3030
274
6465
5752
9812
7344
9129
2283
3786
9495
5701
8743
9654
3024
9896
7216
8759
1435
594
4813
9950
5618
3014
2483
8698
6433
8194
3172
2650
7974
6232
9456
3685
2458
4701
4668
8070
5507
7078
3987
9095
6183
3524
5719
6933
6498
4536
356
5891
6509
6444
4481
7952
6112
670
5039
6436
5515
3825
1366
9059
5445
9674
1276
8377
2335
1519
295
2181
7131
2199
5317
2180
1882
7697
6164
3056
6862
4908
6162
9223
3520
2464
4329
7827
4920
7024
818
9690
5297
4312
6946
2611
2503
7061
5650
4680
9141
7545
315
467
3331
1084
2754
9974
1855
9484
6799
2972
9127
355
7487
2246
4968
2831
2515
1689
551
6771
3008
1700
339
1825
950
5670
9293
8302
3485
9281
1275
4090
2163
2420
4725
856
6121
6169
3059
331
8969
7060
4443
1252
4763
5970
2304
8723
4971
21
3508
400
3046
44
6114
5365
1530
4381
4857
8367
9923
4078
8426
6298
109
2405
3559
4422
5696
3332
5712
3726
760
3087
8174
9623
4656
9396
7408
5040
9279
2226
3966
4333
6139
7243
7855
148
7210
1797
1363
472
4117
2058
9604
677
2465
423
5288
7266
1020
6642
9256
2550
9603
4
8552
4526
6830
5885
2225
2992
5993
9025
1787
7617
2146
2660
8057
2322
2134
9010
2003
4924
4701
164
703
9757
3100
7097
2461
2947
456
4223
9865
8723
801
6419
333
407
4577
1433
7799
8073
4300
210
2476
1236
6231
9244
2085
1489
2389
1967
7213
903
1791
3847
7303
6728
9967
4474
3074
9688
2598
225
5018
254
3692
252
9951
372
1205
5197
1791
2505
1947
6387
6301
5487
2748
5923
9372
1425
3501
5889
1844
3441
468
7514
6765
2490
6119
3383
8857
4937
3360
1764
9311
96
1071
2343
9916
8741
5519
215
6423
9007
4514
4149
2054
7856
1728
2930
132
304
6215
1229
530
7231
8622
7922
9878
8022
9563
8430
9082
8084
6305
6196
1149
5995
9478
9569
630
1294
1268
3057
8416
5238
3444
31
5803
4822
7084
8412
4394
8647
879
3154
7099
7288
2427
8132
4753
8174
7689
876
2213
7066
5550
9792
794
4015
7742
8953
724
6428
6779
6862
5169
9525
6440
2434
6890
7566
9117
9002
5524
9561
8659
3804
8555
1654
8230
4490
3450
2770
762
1670
1576
8525
2287
9911
3059
2175
1601
2749
3862
6565
7689
6541
6285
2801
7382
7992
2959
6626
2338
2863
7870
187
8558
2424
2546
8659
2269
8511
6815
9626
206
7517
5756
4052
1870
6066
536
7841
3719
5908
5745
33
1211
143
5099
3584
5196
2783
4049
8190
3638
3856
4932
4548
3607
8605
4095
4336
8958
9690
7465
7126
4060
2832
5752
6859
2304
2320
6315
4008
2041
6861
7636
4102
6281
3957
3120
1111
4593
1588
993
7719
5119
111
8581
9410
7594
1850
773
6446
846
4338
3573
4749
2024
3727
6913
8366
1737
1558
6343
2264
6829
6651
218
7577
5775
1572
6449
2650
1372
985
4183
2956
5235
1813
8968
9749
4694
283
1949
2789
4290
265
7315
7509
6945
8320
778
9486
5717
3039
2376
2347
7163
7455
908
2677
8996
2971
8322
7399
4527
6360
5804
194
5224
5978
7295
686
940
2741
88
9822
5490
9537
3020
4445
1162
4566
834
6792
3223
999
4665
1894
8611
3008
4449
6411
414
8877
3523
7760
371
773
8179
5420
19
1193
7450
6451
6582
6829
3832
6663
5909
3962
8134
9020
9850
4060
9782
9691
6793
1310
8996
1645
5076
6997
3536
5651
7323
7391
7046
6220
696
6864
4135
85
4630
8679
5729
841
4535
4840
9073
3397
6693
156
9469
5456
3483
1984
4301
4296
8926
9471
6392
2407
6071
507
5953
2466
99
2603
6602
2038
8805
4840
3186
2289
7962
5839
2583
4783
1074
6857
6078
7576
5287
5104
8398
4200
6575
1523
5492
8787
1033
6220
5579
3511
6708
870
5427
6594
6548
8724
165
4583
3909
3390
6620
5874
4648
1578
5881
8680
5646
835
4071
6869
5794
5114
6773
8666
6548
631
7240
3156
1533
4094
9164
1116
767
2905
9888
1970
2610
5400
9640
6003
9028
930
2897
893
6670
6138
617
2654
8211
3427
6976
3880
7358
6109
7047
6260
7894
7819
7217
6520
2991
1275
7697
6615
3357
1984
7948
2220
8562
5019
1252
9578
9333
8255
4870
8703
5903
5827
4762
2987
2461
426
5511
9722
3489
4990
5223
7735
79
9568
8311
1655
1846
7880
8258
6029
5186
3432
1211
7725
2553
6652
1478
8362
39
2344
8019
4852
3521
76
4337
6932
2004
5760
2192
7953
8879
9359
1145
8016
6719
4856
6036
3674
5861
8696
4160
1379
3766
3172
2330
1231
7535
6531
6782
8924
5281
6988
2777
36
192
1799
5708
5641
2289
3951
4038
2412
1177
3193
2463
6182
6197
2672
4342
7418
8504
5145
3662
6939
2735
3686
976
8893
7533
9321
6723
787
7195
4478
2994
9079
7655
8399
222
6298
7000
112
6490
1276
1921
4706
8026
7321
4453
835
7918
543
1333
9794
9843
763
9601
402
7613
8255
8365
3748
5899
177
8696
7317
5530
9580
7391
3364
7992
8430
9702
2453
8027
4219
2953
8511
7764
9597
4871
5706
3808
6805
2419
5078
278
8773
4391
4903
2774
5659
157
5385
7279
246
5825
6393
645
1209
2702
7528
614
5071
1613
8629
38
2353
7401
9547
7455
2042
8557
3538
7616
311
8017
9881
3492
5475
9155
3170
3828
9245
9148
5928
408
9500
5057
915
2971
4213
7208
6209
6901
5031
2964
6177
4239
492
3376
6790
2638
6014
2594
6597
169
3873
8947
1957
7387
6702
7481
1832
9854
2945
6455
1503
4351
1325
9583
8007
2963
4516
4773
6567
5958
1555
3157
3770
5264
6089
1876
292
5300
8379
8054
3677
1865
9654
248
8134
7537
4976
4819
9135
2945
5495
6508
5106
4372
4965
5079
5446
6676
2430
7411
328
2421
5764
1752
1867
6315
7971
368
695
7857
4094
2112
6093
820
5829
9228
7261
9175
2599
7922
2479
4336
8333
9598
4188
2013
8640
8715
7204
1383
3918
5512
6609
6521
7262
8372
5586
4885
9148
5076
9890
6749
1817
8546
4885
2465
9206
1209
6886
3160
4103
8980
373
124
4916
8757
4537
3552
5480
4899
1224
1985
2325
9768
650
4484
5323
1982
1233
6317
5954
8247
6889
4090
4723
2646
2553
276
352
1443
5708
5517
5308
2943
1952
17
3811
358
3190
92
7396
7175
2757
6475
2609
985
9697
9490
1180
9553
5537
6789
3392
9380
5131
9813
6989
2352
7614
449
5855
4433
5116
2165
7536
7380
3671
1913
8200
6226
9328
6577
9984
27
2429
3065
3623
6281
317
4673
8664
7450
4228
3796
7586
954
6750
8069
4703
920
9220
5107
974
1114
461
9351
9810
31
5354
9022
8455
2345
2159
4475
5694
994
208
8732
1593
767
8749
7537
4872
4352
2065
6037
9667
399
3023
8807
5270
4246
3823
8679
8111
3844
2566
8316
4160
6109
957
8324
8986
4463
1660
4804
2126
3552
5697
1348
7015
4734
7951
8596
4410
6800
8023
6515
9802
657
961
2762
9311
3551
1281
9837
9157
6811
8710
8685
9015
594
8233
6702
4919
4775
455
5103
3048
4920
8530
6058
3041
409
8074
314
3054
2498
103
1869
2810
4462
8659
1298
5417
7055
6804
3731
1476
965
5435
8134
299
6500
5942
8045
4452
5898
2787
7563
9211
2210
7478
4231
9134
6040
8834
9200
1441
3146
3643
6509
4689
1871
3233
5474
6307
4683
4799
2947
4434
9097
3377
5547
2456
7098
7467
5879
9425
3670
5885
5085
4270
9066
609
4280
924
1308
6251
9378
412
6124
3363
121
6882
8514
2021
5266
2519
5510
9914
3487
5961
742
7110
2323
7960
2933
5329
8179
1426
7602
3353
2874
657
3899
431
5956
8500
1470
6688
5154
5713
8047
3122
9070
8872
8485
8138
70
2727
1828
8107
1096
5149
836
8627
8739
5908
148
9247
2097
2948
3963
3453
1086
1706
5828
8372
402
1924
1107
3780
9520
2042
2604
5104
7100
3127
2549
4851
4650
8492
3859
1181
8994
7511
5073
2800
1230
6612
5816
6214
3867
8686
6599
4958
2495
164
7659
1033
2181
5504
3385
306
6337
1539
9220
8411
7814
1896
8337
9091
3724
5683
6997
2863
4939
3232
7033
1709
7199
5013
5472
4041
689
5177
183
1667
4163
7834
2092
9235
5227
5101
6060
5495
9773
4256
7128
9589
983
4565
7104
9750
4770
3348
5797
3556
4160
511
3024
4734
9931
1301
5188
1317
8813
1520
9420
3673
1591
8177
4052
6042
4614
1029
2742
646
8244
9738
2324
2006
6956
5762
3435
2064
5549
9031
9268
1846
708
9961
4460
5103
1494
9630
1060
4627
4751
7532
7518
2699
8150
3416
7491
3062
3598
6692
4850
794
7716
2453
1780
6541
9458
9014
6887
2649
9504
7353
932
7099
7082
9260
3455
7462
7730
1772
1873
1890
3795
9932
72
680
5346
3635
1773
9891
7363
7883
9849
8881
2764
3617
1553
1874
5171
2375
1266
5962
1439
4052
822
6579
7204
1655
9548
6325
4119
6105
9458
8030
4995
7761
7388
1848
2863
4849
3178
2684
6406
1030
1361
5400
673
2367
4903
7580
8768
4681
946
8353
8277
431
6726
4449
8147
7034
105
5676
8178
6987
5422
1346
2759
9097
3680
5314
3522
1199
5619
2804
6605
7240
7709
8079
7230
2806
1843
3278
5148
2157
3743
2885
9604
3903
1026
3382
6286
8593
3807
7962
503
1736
667
5726
6786
131
7108
2236
9349
4057
9108
9122
3489
1161
2990
2943
4676
3852
6908
6018
860
5699
8452
5307
1113
255
7498
2689
7328
238
5295
9924
8812
5681
8205
9810
6075
9849
4971
4948
5230
6394
8718
1692
8732
9480
81
4676
4688
9090
7335
8455
1223
9863
1083
4231
9491
739
2216
6579
2266
8634
1229
6683
4570
601
103
6831
9876
2899
5323
3761
2403
518
6302
6895
691
8273
4250
305
6943
7969
4082
6486
4640
8416
6756
8621
1904
8064
8389
3270
362
6263
4220
7832
4207
1933
1468
5960
4342
3621
4039
367
5171
2923
7597
778
2362
2431
5776
9232
945
5611
8704
7636
8071
5369
9160
9810
8712
1506
6184
7110
1151
4692
400
5159
7656
4251
1106
2022
8462
8162
1232
934
5008
3766
2987
6724
1389
8806
7896
7155
8200
7285
8800
4678
5553
6773
2707
9461
3411
6068
8114
2283
9969
3032
6349
7760
443
8592
4672
3554
6127
9477
3400
8553
4263
7239
7171
339
10000
7923
2724
7872
2395
1548
1890
4982
7067
923
6045
4109
3402
9065
1430
2816
4335
2674
851
7475
5075
3218
4160
4253
4141
1409
934
8058
1110
7233
5782
4823
4583
6161
7034
4683
8484
9100
5415
300
2244
1825
6828
5509
9078
5172
7687
8150
9583
8524
9196
4243
7336
7894
8506
4618
1074
161
7608
1886
2580
766
5676
4708
7078
2690
9638
9750
9163
5508
7065
3875
6410
2303
9168
1499
9003
4423
4904
9727
9662
6846
7436
4391
7740
9169
5256
4590
9492
6553
5331
4651
1719
4861
2217
6720
7395
4042
6517
3824
414
862
2029
9718
736
3166
3745
9699
4421
5106
343
3258
2127
6118
4085
8810
253
1138
1010
3902
6388
1901
283
1285
9923
6927
288
1298
1238
7714
1565
5839
1721
6466
7844
5473
7155
4615
347
6450
3744
7503
9086
5332
5843
2071
8028
6493
9197
1220
8314
9851
4477
602
2668
2635
8472
9201
3839
318
29
2904
3320
5412
2376
3974
8607
7577
5925
3675
1851
1665
7142
5950
9793
1102
1691
4652
1382
8514
776
5797
1085
9519
3916
8456
8066
4222
3549
8695
8579
388
4429
6418
2700
287
5150
5374
4585
4989
1215
6663
7899
5908
2819
7262
3274
2964
722
71
8508
2786
2673
1944
9057
433
5157
456
8045
781
8321
6523
6685
2055
8683
882
6922
7758
3183
5074
3069
7795
3275
7928
6805
4367
4833
443
6790
156
3844
2179
5087
7033
446
945
2981
3100
1391
7246
3587
1784
3606
2770
2103
3872
6357
6325
7997
8340
2119
7516
2472
796
9878
6471
1403
2566
3798
4273
2973
2894
3740
3033
2039
7127
2694
581
9768
8031
2431
6853
7818
4718
9008
7451
2467
5021
489
5293
4134
7553
3439
4535
475
749
2345
5239
1171
4168
2754
754
119
6002
7977
5849
5926
2114
665
8477
1891
9494
3910
3863
8428
8500
8
5429
8080
9869
7127
1546
1135
6943
5917
7505
1882
5749
7502
35
4463
7153
131
605
6696
9779
3768
104
1260
7411
9989
3158
2044
9645
7148
5969
2471
3330
4888
7410
9424
7889
5720
7626
1316
7863
5685
4457
1687
1621
189
3459
9628
4219
2851
1150
6
6318
9553
3616
3168
5141
5152
2764
2421
6748
8461
6157
8843
150
8639
5462
543
2634
6858
2083
5728
4143
9457
7993
6911
7203
1941
7175
4074
9023
761
3457
3112
1562
6908
5330
3951
8216
1451
6378
3360
6916
2443
9707
5210
5746
9373
1307
1306
8542
8746
2624
9713
2949
2212
4630
5380
8907
566
7470
2769
9445
6761
4972
8083
8302
614
9335
991
7708
2424
607
1265
8195
3560
1742
5398
5691
1386
4261
8388
5175
9735
6534
6769
8669
1810
2899
9089
5498
6980
1477
2610
5249
3068
7485
9562
6557
3848
109
3849
4960
4963
8054
2310
5938
7660
8864
2362
2656
8010
3333
3828
5291
1296
3932
9741
9485
6356
6175
3486
8238
2898
8409
2407
3929
2339
9033
4718
371
763
2219
2946
3153
2589
2282
7492
7028
8312
1273
5559
5325
6298
8396
1192
6255
6114
6286
8267
8904
9632
3760
2660
9349
3648
2312
6075
5260
8090
5804
3450
3628
236
1163
6529
5773
2831
1022
333
8388
2566
5036
7719
2815
4071
817
8225
5592
8076
367
1885
9192
1402
6727
3375
7517
5352
7273
9332
8647
5136
4941
3241
4783
3896
9606
7769
5780
8471
1065
2368
7002
3462
6628
4231
6450
7786
9100
4310
9574
5473
632
3431
3572
7636
8866
2017
3361
8869
1200
2860
7176
9158
8649
3338
3991
2132
9707
1292
3412
3984
8365
6655
5610
9775
4287
3707
7920
4302
1690
8015
9668
275
6913
4531
9838
2543
89
6950
7255
9341
3420
871
5532
2179
3055
3769
7973
9131
2590
7864
20
4331
8620
3549
7972
7863
8429
9990
9320
2046
7752
121
8919
7277
5638
5203
9210
3069
1864
7664
2471
6528
2020
4852
1761
9289
7116
6763
7920
823
5774
6561
8858
5894
3934
4140
8048
8878
7792
7946
7066
1863
6809
8244
4390
9701
1365
3181
7935
4965
5855
9526
9608
71
9317
6995
4072
4469
3233
586
7536
6940
724
6446
5370
2086
6305
8906
3478
9226
7913
9569
869
9552
4599
5852
7137
5162
974
5164
5705
4844
5182
462
9737
8648
3667
9324
8416
8671
7455
6494
3304
9178
4051
2333
5433
7447
1376
8892
4433
7647
2278
7404
2727
3302
7987
9136
3555
6235
831
7711
2923
8455
1266
9374
4245
3048
3727
8447
9551
9969
8018
1403
8986
7891
9950
9711
2538
4291
1062
5009
2606
9389
6052
7166
8004
6383
9225
572
7298
7242
2459
3481
3537
5709
258
8047
3123
4062
2437
5629
9364
1672
1665
812
7173
8689
8014
9526
6510
5308
6066
791
6765
3560
5797
6664
2776
1572
3612
2611
9144
518
9398
5352
2820
2745
5003
7422
4970
6119
2982
4914
5052
8368
6789
3273
8119
5678
4816
8211
6589
5041
6623
3911
8029
6785
4320
7369
135
4727
8425
9296
3472
2735
8254
4892
2191
2196
9635
9836
5873
1669
2464
5576
9166
7736
817
9984
5508
8564
3884
5278
495
6715
9701
1810
1326
4509
8192
989
6635
3776
7717
9921
9132
4055
9409
4261
2188
7295
6568
7865
7885
870
5735
6029
1837
3674
7918
9680
2762
2774
2969
9305
6279
4642
2819
7364
6688
8054
241
9407
4029
2013
3971
8833
3330
6786
1598
1457
5753
3109
7939
7907
6376
7289
4290
7326
628
5005
2335
2935
6797
8740
1526
5120
7224
3022
5298
9210
1455
2417
4478
4849
602
967
1582
99
7008
1552
7350
4411
4869
1453
563
4364
3631
9980
2983
5504
8041
821
8388
7916
7121
5041
4185
1728
4975
8548
5275
1288
9972
9466
8731
6581
7090
1283
7335
8792
3703
8260
7005
2543
6405
6328
3157
7686
5949
507
5986
9093
6722
1660
7525
7515
7486
622
9214
886
8067
9089
8216
7201
7682
3661
7337
3935
5456
1514
8
9151
4821
647
1956
4989
3745
421
398
7290
3130
1666
1540
535
6268
2437
4949
5830
7799
4593
2599
8084
6627
2922
6977
3207
8833
6307
7928
6943
4694
3711
1031
4804
2597
3711
7353
7876
5015
5423
3450
1210
2952
4455
1157
2662
7580
7059
1867
6556
8543
5905
9225
4381
3364
4380
2646
700
9799
7937
1644
1074
9841
8283
4324
2717
5975
5639
7608
9806
9314
423
9779
2555
209
4468
3087
8421
3015
9976
4640
6809
4377
7924
2479
6301
2209
1870
2890
8556
533
9736
2980
5539
7917
7544
1282
8681
6936
449
2116
3649
1854
5409
1301
777
2975
7022
271
1125
9945
9915
9781
3959
5014
4127
7814
1572
1356
9475
1021
3791
9897
4745
3151
3568
1400
888
8167
4738
3841
194
5805
2881
1401
4425
6226
9740
2834
9712
5852
5330
5940
7229
988
7723
825
3203
8363
6386
1598
8599
2590
5785
2839
4698
5485
631
5617
9367
3465
1916
5265
5324
3091
8601
7623
3124
8719
1937
159
8879
9551
4344
795
339
274
8053
31
2356
5802
8912
7861
1020
8301
2113
5319
7566
3382
6003
3280
8263
8793
3650
7083
321
581
7618
6138
5617
9216
9303
8098
6005
4287
9142
9075
4194
2928
6912
7117
8528
7361
4749
9931
221
8013
7596
4474
3634
2531
3715
1229
9842
8974
204
9812
401
6996
4614
4633
5671
6486
7663
1733
3750
6370
9973
9153
4667
6881
669
7925
3547
464
1475
1954
5679
9690
8677
6275
9993
1497
7380
205
927
8831
9707
5978
8018
39
9097
359
9092
408
4294
3791
7180
7456
2095
9416
5271
2638
5217
6485
5715
3515
1553
1905
6853
1680
5416
8427
3191
7056
1605
9043
3159
3479
77
8781
8605
4070
9992
8801
4941
9248
7405
5869
4409
5968
2576
4273
6159
8774
5106
3637
8305
3515
9853
8522
3404
8040
7777
9317
713
5567
7894
5430
267
8183
659
83
926
4046
6933
2188
399
761
2056
256
2910
8740
3332
5357
8488
4059
3304
7179
9824
1182
2881
1316
6717
7460
6694
9688
6488
1653
5339
1230
1035
9311
501
8375
5330
4027
6763
5935
4457
1857
5199
9718
8272
7971
960
7013
35
8289
4582
8393
1310
3284
7776
9012
4337
3343
4337
5420
1312
7512
1192
659
1064
1596
3874
8933
7900
2034
9063
7141
1043
512
504
6444
2834
6616
6079
5645
6880
1148
1682
9225
5887
7510
587
2139
6452
255
7592
9035
9928
1559
467
571
6170
2789
519
2205
1110
4010
6413
1888
9978
4579
2779
4533
2725
5597
4962
7155
7747
153
2107
3215
319
6125
8036
590
7960
2848
7399
9001
9414
7138
850
8994
6481
6586
9393
6388
5160
8371
2637
352
9918
86
5184
16
4618
9718
1809
5682
9679
6045
1481
2220
9690
8822
6872
3167
8385
5601
7293
628
65
501
4257
7246
2735
4688
3075
6598
3096
4837
2257
4380
9033
1590
1073
2685
3727
5202
6836
1525
9813
4080
2165
3816
401
9611
2403
9891
7542
4044
5878
5729
9118
4351
286
8243
1437
4883
4969
6179
5475
6791
6698
2604
6659
8176
1268
9018
7072
3803
4692
2938
7602
237
6143
6211
1728
3149
6835
9885
4453
9392
9719
1810
7076
6860
9390
4795
3369
4559
1549
2801
7598
7119
110
783
1386
3947
5830
65
345
601
3368
9357
8603
2355
1821
4054
7218
9910
4194
8230
308
4125
402
8584
9464
3873
3056
1657
8634
5992
850
2628
6274
2329
2548
4172
8137
3221
7654
4242
9411
7167
2295
9424
4355
5093
4266
6196
8128
3423
3342
7479
2501
7000
8436
7942
5056
3197
2687
5072
5660
3744
7616
3230
6049
404
3920
1039
3935
4849
3089
7892
2281
4073
6504
506
2483
6155
3752
4693
1503
2557
4702
2847
6675
661
8777
6382
1871
2358
4065
8997
285
2794
5273
3281
681
8264
4647
3694
9453
1653
3157
9810
5828
2240
323
4743
9762
3332
5718
2903
7913
3767
370
1358
3703
2853
1224
835
7586
3342
3668
3028
512
6894
4908
6538
5445
7276
7877
494
2968
4320
1922
8028
8796
3177
567
9254
6587
9267
7092
1946
550
2439
3641
2346
9391
9116
7268
8510
5801
4310
2547
7947
6403
6968
4406
4543
8326
5527
9357
3097
2891
8366
4513
4811
7743
7366
3324
1701
8979
9021
8778
8724
1701
1727
6978
1619
163
271
7777
6542
3990
5700
3489
2806
8288
8514
9174
5543
5560
3385
7859
3425
2858
5939
6853
4242
3518
8721
4417
5704
3222
2390
7045
8708
7225
5030
5913
8744
9592
3209
9379
6979
7945
3821
9895
9226
5698
7006
9676
737
2126
4782
4452
24
3677
5768
2286
398
8609
7247
1163
4087
1814
890
9455
3654
7274
3552
4694
4258
5745
2028
1208
1459
1878
5977
1844
845
3330
5896
6275
9581
3925
95
9796
2698
3767
5631
4483
3820
4540
722
4252
8625
2261
2747
6858
1433
2608
8266
4182
9684
5261
935
4830
5798
2330
5120
2306
9447
6067
1643
4431
787
896
1059
7205
2696
3851
1421
5620
6830
1750
5281
9818
1579
6697
9735
9122
2591
5092
2616
359
1601
1423
1360
7024
2356
5771
4599
3444
7699
5180
5983
1374
3204
7334
1353
3787
7345
9719
8473
8048
9195
6387
7518
6983
4264
6845
4021
5200
7999
5775
8850
9493
7371
6371
5257
7762
8334
1169
9163
1851
6826
4396
30
9518
5160
6609
1943
5627
4220
1536
6003
120
1196
700
8246
7639
7740
6788
2776
7007
2707
4086
136
4149
7861
9687
7986
9223
6129
2693
26
1329
913
3931
318
8511
7997
8108
4353
8894
4944
9600
3879
8458
6518
3273
8919
8317
7232
5562
2779
5153
818
9576
7778
7624
7552
168
8317
5231
7927
2279
1247
8875
2659
821
5859
5426
5930
6010
6436
1636
3919
3780
1020
3319
2780
5648
7208
5640
2566
4557
5546
1353
4438
195
8937
2544
6272
3688
9712
6459
253
6212
8274
388
3855
229
3713
780
4707
1579
1039
9531
4066
857
5011
5552
1653
9324
8656
7673
1646
4947
1964
5897
5028
5960
2281
7091
8046
8615
6902
6590
9808
2121
32
9098
2008
6513
1150
2083
1185
6981
1015
8283
8151
8912
6305
515
6855
4572
8486
3806
4206
5218
6706
6744
5425
34
9340
9807
6151
298
8621
5757
3023
5745
1110
3664
6959
3497
328
7639
6746
3596
5564
921
9303
3132
2647
7599
6460
7608
211
2178
3672
9962
7192
7623
4672
5800
3525
5536
2228
6767
8982
7633
978
8029
8820
1514
9640
9997
3553
3434
9955
4721
6215
9713
7763
59
6568
7692
8792
7329
7086
3839
5977
6811
5740
7987
2131
388
5032
4828
4310
6347
8228
5231
7020
7573
7039
8016
7558
968
7151
9315
9820
9880
9225
2831
1512
9639
9094
3443
258
4043
7
3972
9341
2541
271
8199
1388
1304
7564
5650
5227
1793
6353
8682
2948
8873
5270
4300
1656
2767
1763
7256
2663
2605
2512
5857
5185
2378
9078
8773
6385
4154
3230
6780
2611
5237
1894
1033
6585
9409
7800
2530
1124
4773
9967
6195
6919
9742
5176
413
1953
4895
9255
739
9572
8645
5672
6167
3852
8185
7724
5425
9055
4755
688
6914
3823
1499
7182
9527
8214
5601
708
1612
1564
2938
5846
4172
5828
1982
8784
2659
6413
9308
5392
3723
2898
4536
933
2635
9322
9165
2764
343
4558
2392
166
7151
9398
9081
9483
1537
6172
3000
6112
2090
9417
5462
1716
1163
9615
599
7561
77
7834
6478
8495
7085
9949
7449
8261
5140
1383
4609
3721
8778
2395
3970
1520
7274
4696
7056
1724
3947
5243
4509
9535
2874
8508
8139
574
3316
1987
7241
6672
7563
1144
9144
220
438
1901
7424
4969
7038
5963
3802
8512
9877
1154
5677
5207
282
7455
7136
8309
1669
7743
1236
7175
4318
5680
7007
4750
8873
5345
8902
3471
7087
4278
8971
8526
804
4894
3031
1320
5523
1132
3776
4428
6949
6668
1375
7909
2938
7334
5861
3768
5338
7157
8470
2264
1247
1000
731
7928
5441
8346
344
4586
5485
9523
357
2724
8776
9479
7080
6432
8203
938
9752
9596
7567
3248
5740
1157
720
1216
3373
9492
9056
5062
9902
1791
9807
1934
2999
8698
3411
9346
9294
5353
8509
9228
8352
4750
6874
5856
7526
2574
9645
860
5657
3631
5675
1716
1941
3155
212
2798
1813
186
2242
858
2355
9075
3720
3054
4785
7505
8161
623
4315
7518
1652
4970
1204
3036
5444
7807
4475
6695
4900
2540
9051
9841
4926
5438
8520
9486
6419
9872
5510
782
8350
1231
3633
7574
2640
1005
1468
212
1976
9553
4520
6084
7593
6968
2683
445
4482
7460
6632
5801
7430
6664
7789
210
1265
3434
1231
1688
1003
1414
5375
4198
4249
8414
9965
9210
4625
2590
9521
8979
678
5058
3711
6732
8467
3481
8021
7654
9216
2467
1456
2349
5709
7591
8654
5274
1510
34
2148
6088
7789
657
8127
5830
6395
6714
7005
6250
8185
1644
7173
4877
3057
2402
7656
3646
9511
1474
14
6590
8398
2657
2585
6378
8032
8399
1040
903
611
3432
2656
9601
7296
3466
310
8228
4476
770
6135
9161
8005
4339
539
8944
1022
8416
6368
9038
7408
8435
9057
6259
1807
3433
8445
4727
2580
2136
7642
1163
8992
4930
1153
3181
8251
8569
1861
2299
782
8507
6155
8820
3303
1286
6037
3454
2058
886
6298
3958
6113
2476
5624
3985
6512
9902
5451
4768
8319
5320
2623
1864
231
7167
5110
6989
7809
8613
4003
4867
7724
7119
2295
9779
9024
5098
5122
1801
2533
9873
1563
3725
1098
3555
6446
1036
1498
1890
7842
974
9108
6804
7258
1088
9168
8598
7723
1118
4333
5594
2212
7724
8100
6611
2237
7058
1488
5088
7433
7859
9298
7277
4205
4358
132
9023
848
3526
331
2578
623
5777
6146
3614
1641
1469
232
2437
6159
3457
8634
5418
9131
6758
7220
490
2839
5802
7353
794
4664
3540
6190
7407
8160
685
7331
9843
9990
1828
8592
1701
2902
5491
1506
2967
4556
6915
2796
444
5417
8556
6544
5940
8467
8428
6480
7998
9032
8000
4610
6899
2153
6884
1298
7762
8629
1681
3451
6514
4796
625
3765
3691
4031
8725
1697
8938
571
1427
2506
1286
2537
4795
5171
1927
6782
4889
9960
7145
8840
1863
1832
1557
338
9326
1949
8410
9168
5747
3768
4324
6436
9801
4139
1252
4838
6102
1003
2591
8881
7651
4195
3924
705
4402
63
1373
2178
5582
7020
2894
9534
7827
1547
6646
9625
1688
5956
8004
1975
1310
6735
8270
6035
493
9047
1479
8956
4106
9073
9524
9957
8639
8105
4277
2771
74
941
7298
8759
8128
2423
5967
6679
2879
2624
7348
344
4031
7047
2404
1856
6189
9470
2757
6179
3334
4628
861
8861
8182
1890
2213
5574
5541
8562
7699
6590
7032
3037
1712
6723
8814
7310
3484
5191
1164
2716
5158
907
8123
5493
2394
5263
6745
3872
3286
3528
3581
3201
4911
2310
3106
7859
7554
1672
2858
3970
9616
8868
5697
9133
8145
2419
7407
9570
9548
4705
7112
3359
3467
539
2633
9996
9181
4286
780
3754
9184
1166
324
5007
8718
4188
7226
9162
9228
2157
3684
2405
9896
267
9289
4619
2040
6742
8706
9725
2733
530
3498
5398
4220
1489
3353
4269
2228
735
5439
7723
8495
4974
1354
5169
2180
9843
4432
6053
6145
6348
2181
7900
8418
8652
3729
6918
4816
9239
5092
1319
7179
2911
2269
2484
9866
8004
1464
8771
3525
9075
8276
1644
3467
5681
6605
5324
8352
3040
5297
9397
3545
7544
1668
4587
5423
7521
5551
1247
1942
6043
4804
5638
5572
3324
4524
9699
5673
3259
1858
9760
2919
6450
8401
6433
6921
5920
8333
9357
985
1365
937
1534
3555
8175
3787
2046
3945
141
2490
9853
7654
3455
6709
3271
2092
3039
7061
2404
475
8977
8023
3114
55
2364
4547
8760
596
313
618
1583
8359
5983
6325
2694
5704
8841
7014
8737
9673
1504
4161
6573
5966
5120
7351
4235
6141
7067
7589
7794
681
2581
6945
2921
7106
78
4475
8209
7240
1758
8884
2983
4250
8889
4657
736
4649
9633
6459
1929
1875
5593
4449
2682
8443
3613
1773
8103
2594
9660
604
2198
1018
8474
7879
1179
7120
8776
5254
4519
8647
2415
5829
7051
5064
7367
8445
2707
8462
1075
5081
7872
1900
8360
7634
8294
6177
2702
2825
9860
1869
6474
4099
5702
7325
7717
2076
422
8434
6693
2290
9824
9027
7374
7610
4471
3362
5334
3601
7145
3423
915
4758
3767
1454
9343
5040
5897
9487
6683
3265
6105
6220
7994
5550
6061
3609
4775
9882
752
2066
6693
6036
1970
3730
6049
2061
8632
4682
8890
3724
7043
3003
6844
9986
6868
3381
6182
6732
9556
7710
1361
4479
3715
7434
1161
4869
6751
9729
1538
9734
7464
9687
6077
2417
4215
6272
9409
5942
8613
5981
7097
4301
7180
3231
5144
8139
7790
6910
7390
1178
6778
3125
788
1923
9388
9319
6522
8302
4260
4897
2174
5285
6715
554
6530
534
6998
9081
6006
613
8283
9334
2956
713
7964
2656
7116
6457
3476
9100
7968
34
5364
5979
3535
6858
2208
110
3417
8892
4950
978
233
9592
3314
4315
7166
5304
8255
88
6484
5939
1422
3325
4546
7260
507
1821
3668
6050
1198
8777
3484
3951
2156
2613
7910
7215
5936
5978
4166
8678
8125
6318
3703
165
9088
7552
6885
5806
4098
3990
3085
2768
2399
9519
4997
8341
6525
6492
76
8921
3876
265
5488
5273
1106
4792
7578
2222
5033
9226
7802
5678
3942
479
5287
3200
515
5649
5344
565
1480
4714
402
576
2185
2796
3481
240
5416
1516
1678
4925
7505
4892
3866
5753
2290
1415
6666
3020
5187
7300
3319
4832
2446
2223
3498
798
555
9386
290
4973
2825
3402
9248
9415
3981
6748
9428
4497
8320
509
8754
5974
8202
8484
5999
9922
9060
6095
2128
5919
6750
8692
5333
7516
6737
697
9405
5548
2278
3947
6210
4688
7017
4512
6572
8357
2466
263
2265
9202
4518
6261
8604
182
4871
9601
5696
8458
2138
4727
2180
7703
685
6002
6612
2457
6550
5431
15
2221
9345
3615
1185
5003
2731
4374
1849
3958
7509
2811
4529
3163
937
6667
2882
8585
678
7524
5483
7297
4085
4506
5786
5767
8024
7249
1025
7833
1477
5056
8177
4619
6478
8668
6923
4349
1756
389
7796
1692
5282
2361
9031
3351
9580
3122
8186
7733
195
9846
8028
4718
6728
9971
4189
3545
2772
4965
6274
9952
52
3719
5640
3207
5663
1617
3520
125
3247
7657
467
9511
913
4016
9913
1528
4557
1969
5161
586
17
947
9145
9235
6456
5219
8540
8980
8901
8659
2662
4561
3726
2002
3095
2925
8020
823
8740
1189
7902
9051
5447
8297
1053
7749
8631
542
8554
4069
6988
2411
9330
8088
5319
3512
7109
2483
236
137
6172
8620
5283
6524
9591
6331
3891
1397
7451
9988
9603
2018
3446
2187
6476
4212
9703
7255
2069
4593
3115
592
4098
692
9639
8466
166
8044
6544
6092
6877
4951
7225
320
7788
3017
8529
9214
1930
6000
3946
37
1056
1510
6120
369
4525
8060
3847
3794
1760
4320
8688
6884
9336
144
1230
2474
694
535
9923
6638
9967
1681
4116
1964
1023
7541
7670
6464
941
5071
4720
445
2908
1042
1322
8533
4638
8124
6022
5965
1775
3805
9569
5354
8296
1748
2171
9427
3675
6281
5254
1562
25
2092
1774
6909
3953
6580
3112
5887
3374
5275
9427
63
6108
2762
7214
9317
4391
9120
9503
8887
3575
3673
8336
8980
2686
4279
6064
1524
5945
7234
5282
2268
6140
6349
1849
6529
7672
9160
1097
7201
9031
822
9943
7454
7295
7956
3761
9413
1023
6653
2299
8340
6878
9291
8700
1975
6314
3883
6565
442
2581
9135
9303
138
2866
782
9852
7501
7375
5261
3974
5121
424
8903
1939
6
7965
3787
5420
8570
4040
1975
480
8770
3918
8500
1159
8853
6950
2264
3255
4167
5753
6479
8903
8667
9018
9567
2788
1444
2254
2487
5668
2085
1127
4250
5857
1957
9048
2966
9598
1149
9044
2653
733
6963
1427
1198
228
3743
8739
1755
936
4839
3991
5341
5461
9699
8313
9862
389
6830
7299
8473
5762
4899
9409
3333
7639
9424
7936
8370
3477
284
7828
8493
4373
932
3435
1612
5296
155
8463
8556
9247
1722
9657
5356
4939
880
9183
1449
7175
8519
1440
3687
3348
9660
5347
722
1871
5622
4230
9272
1770
8722
8343
98
4665
675
7084
8116
7004
6542
5559
3242
1683
7120
4186
3555
5974
6455
2973
7147
4004
4077
1694
3498
9496
5567
8432
1283
3245
9552
9063
7907
6184
9573
2146
1018
3838
1025
7543
7781
9467
6222
8276
4761
5982
799
3814
6539
3747
7300
3778
8208
1142
7467
4969
565
9252
8013
4231
5365
1387
1978
7056
6724
8972
8367
5627
5919
1813
138
131
8326
5792
9280
5225
9025
1881
1902
6330
3736
7963
3984
5576
834
578
8353
7331
1459
6711
7407
2570
1436
3822
1297
1621
657
1526
9490
3978
366
1772
451
1696
719
2169
3583
5075
7022
8102
6220
1037
2925
6047
4093
3306
9251
3264
6008
6911
6868
808
9711
9263
1257
7119
9478
913
883
2704
7606
7736
4589
1419
7686
6895
5011
2884
5683
3693
3171
8633
7218
9320
4137
924
5608
5441
4017
4242
3796
5682
3294
8611
5804
1062
6188
4828
8662
7935
2566
7637
2242
9828
6198
742
324
6953
3481
788
8101
3701
6567
2624
4127
214
7366
1069
3334
4010
469
3185
440
1288
7349
9838
7831
8335
1461
5870
2213
4436
4685
3323
1623
923
1607
868
7629
9854
7079
768
9567
9591
2997
7256
5562
8941
8499
1520
859
6103
2522
3109
602
7016
7060
7828
8937
9365
1945
796
3470
508
9620
8221
1229
7915
3356
2655
3288
3083
5293
5841
1474
7844
5677
8406
1662
7602
958
995
7873
2372
8330
2255
2376
2078
5194
9781
242
1442
9417
9659
9077
4929
9715
4348
3704
7435
3223
1779
2406
7965
3096
3264
3732
4406
9284
763
5671
3741
212
6470
3289
2872
4644
1229
4574
3820
7411
9307
732
8185
3905
4493
6587
3321
2873
8396
3424
3162
9828
4751
8835
2204
3616
9431
9841
2526
3321
4816
8183
9329
2605
689
7284
2485
5696
4226
4126
2046
505
9062
3539
4152
9135
1613
917
8043
8719
665
7
2790
558
8358
1168
3707
7604
5215
5048
7929
9865
3804
8510
1366
830
3492
4055
7186
8845
7833
5243
6000
5645
7684
79
2348
2593
1082
4618
2069
1545
192
3216
3255
3096
68
2114
977
780
3211
3393
7307
6904
6920
5568
4314
7716
1317
164
7573
2010
5859
7872
4911
4893
1669
4759
7717
2870
2301
9482
7576
871
8854
762
4622
8645
371
1978
9737
8416
3794
6037
8406
9440
4594
1303
9151
642
5253
9388
856
9973
2491
4219
4994
364
7824
7451
4523
488
5078
2852
9491
4566
4686
4652
2350
9216
8707
4126
1771
7253
9572
9713
2687
957
2076
8947
2514
4192
3357
7957
186
1937
2993
8411
4201
3832
508
7223
1049
4843
1519
4724
9115
4145
4583
2993
2946
349
7116
8260
5837
7898
7199
3623
6992
3647
3599
6371
7411
7485
1366
8378
9328
6936
7268
2275
6745
1778
5612
1548
84
2637
1138
7405
5
9277
7857
1031
3785
2430
1230
7346
5598
9961
8803
4898
6440
7896
979
7564
6046
5254
4750
9012
2772
6008
3684
4360
5183
4953
1951
1902
4387
7864
1349
1777
5478
3789
7201
3274
3464
4672
5695
1664
1284
1976
7625
1723
680
2686
2404
3556
1157
7133
2186
9231
1789
519
7309
7472
936
1091
4792
8657
9398
8755
3565
5688
2566
3900
841
3623
8279
6352
450
5972
6311
7512
8325
4469
6415
6529
8019
5492
7306
7508
7913
6042
7312
8682
7677
279
9749
5917
955
617
4392
1137
5776
858
852
7766
166
5988
9459
3910
7006
8965
9785
4523
758
2609
787
6228
2414
1261
3927
8874
597
836
4268
83
9081
9544
9862
4968
1919
7048
6113
3224
4060
2073
532
5811
7001
9882
3842
2091
2529
5488
465
5906
8476
5248
662
6937
9566
232
4500
7904
3427
6497
2230
6345
3167
9047
4490
8611
324
4880
9122
938
1680
3660
4279
505
2864
4597
7218
1369
9938
1290
2317
1198
2859
3816
8099
3031
1322
6300
5370
5958
9587
4827
1251
1823
8491
2693
6219
6880
1367
6056
3729
2677
320
3634
9860
1452
7348
8340
928
8780
6898
8833
8032
3072
1683
6145
1678
3361
7792
2916
9124
1504
5713
2054
469
8995
7740
5311
5241
6914
1462
1588
869
4160
6331
5094
9548
1096
2407
8633
718
910
6174
6783
1082
7127
5192
3276
5906
6427
8433
2777
3365
3784
7439
8537
6935
1025
9051
3496
7020
5791
1890
7769
6928
1118
5698
2583
7973
8207
6662
3319
8854
9193
7350
7110
7261
6164
1850
4559
1052
6729
4440
5768
6029
7823
6405
9981
4473
3801
7139
3632
8617
5756
6463
2878
7393
5604
9495
8770
4709
2500
9741
7930
1113
4953
4291
2715
7898
1114
8777
4526
8208
1004
1878
5867
1631
9927
6815
2482
3036
1426
6608
6739
3442
7504
7132
425
819
5892
4034
1342
6555
4640
7138
2118
8908
1650
5802
391
2448
3094
6935
1104
5173
409
9180
3402
8279
1661
4070
1029
2249
6175
9809
4986
1325
2677
4403
6676
8744
259
4698
68
4422
8318
3230
3270
3174
6475
5656
6238
2148
1780
4128
5264
8748
9432
2500
1475
2710
4337
5827
6761
9625
8313
3185
4979
9481
6179
2121
4164
7373
5610
1225
6354
3121
2275
5355
7244
7887
8218
7261
6434
8367
4975
928
4553
7063
8655
5888
4152
9117
9077
3025
3148
3354
7059
1804
1401
8177
8564
9114
9050
6384
5700
2086
9618
6221
6099
6654
7629
613
3915
9409
7182
2661
5897
3724
1986
8847
4945
6341
9294
8952
1913
1630
7131
6477
448
3830
2976
4907
202
9996
8260
2288
6034
633
2480
9671
3173
2629
5531
834
9032
3855
4607
3020
1249
6693
5613
4191
1266
7288
3941
3593
6155
7349
8890
1013
9231
9137
1095
1356
8592
3559
1511
4162
8601
4554
6936
5460
6254
4808
5703
3674
7304
6071
2408
1219
8775
7871
454
3029
7294
7890
8765
2703
9604
3422
4083
8767
8476
4063
2196
5659
3901
8594
5748
8019
3067
2382
1614
5415
3380
1793
5824
6727
4028
4123
204
2659
1440
1512
1326
2016
7923
58
9255
8783
1178
4646
9380
8375
7487
5619
1178
944
7790
7730
1012
647
9759
4487
6243
2045
3436
185
8144
7594
7783
1107
8809
7065
7826
8001
9426
340
7729
1790
3016
2601
5346
1982
2529
4014
4008
87
7137
3211
7511
5613
8607
7962
5746
1452
6160
5864
227
6311
8839
1348
4459
8439
9921
7222
8614
1298
4662
9665
1974
7999
688
6958
957
3337
2315
5644
1901
2814
6660
15
620
1229
6131
4055
2197
5645
7481
4788
138
7108
5056
5044
3767
9924
5812
8863
2277
1525
7024
3220
7321
3015
9452
7884
8996
25
3853
4924
2583
2092
1235
5271
302
172
777
1788
2470
8285
2697
9070
6650
168
2011
7644
1419
8074
4021
8559
70
8911
7727
7208
8085
6509
3627
1400
483
8757
7087
7249
4138
8526
1462
6699
8991
7104
8627
8083
6465
2642
1433
9565
3220
9273
646
2082
7708
9179
5309
3958
3053
8349
8420
3643
6549
3201
382
901
7235
6858
7751
3556
5513
2603
76
7447
2679
4671
2495
4547
6713
5350
3774
7123
3667
8115
1310
8285
3322
2584
2147
2348
792
813
7614
9607
8443
8633
602
427
958
3968
7462
9242
7203
9898
4544
9777
8988
5952
797
7258
5067
9255
6087
657
1317
5894
1348
854
4241
2773
5452
4057
5559
3089
3844
7292
2369
6621
2612
8462
7349
4678
3953
226
6568
2406
8471
1531
2512
8150
9180
6958
633
2934
478
5875
6649
6662
895
2171
4921
2331
4484
994
3471
5742
6308
6388
1400
8711
6985
449
6547
5004
5739
6010
4815
7751
3356
7132
1587
1771
8582
3372
3940
6894
9507
9157
6652
6955
1929
4864
2774
1892
1543
2991
5662
1996
8286
7583
7366
192
9787
8658
7069
7927
4822
1820
7712
1847
2880
2267
1633
9442
9792
6198
2966
7881
9350
4536
4609
8264
2217
8580
8888
1614
8275
8604
7534
1168
5203
3904
4696
4160
4359
7571
7006
1262
5063
917
5475
7002
3479
4172
8559
4201
1925
1104
3574
1977
8789
2834
2621
9541
973
1813
4821
1028
4994
7444
1867
8213
52
7739
6079
7213
7544
1526
5338
3181
1742
7877
7432
3848
3550
4437
6840
493
9170
7717
9104
532
1528
93
9345
9418
7248
3457
9699
3987
4758
4248
8176
3546
3883
3109
1818
9303
5683
6645
6293
7811
3149
3162
2925
1131
9678
719
1554
766
1828
3362
6614
9459
1919
3793
2970
9191
8538
7541
4459
7603
3222
6541
8333
4402
1289
5453
196
8539
9680
661
8602
5196
6537
6941
1390
3069
8368
3379
6205
3548
5575
4114
4262
661
4050
7558
6257
7679
2654
7648
5337
8505
243
8773
5426
775
1578
2139
8625
2737
8929
105
2775
9529
8795
4024
7870
9690
916
7921
1119
6714
6759
2239
9922
5238
9616
2269
4127
9870
9973
1094
3931
2336
3421
6165
8563
351
657
8221
5598
1214
5102
5539
5950
3190
4810
5522
539
8918
592
7549
8858
1585
3174
518
9045
3219
5432
6592
4518
1641
2940
3505
9318
5110
6999
8809
899
248
7465
2371
8277
4819
2864
4124
3651
363
2056
7477
9373
173
6219
1106
1995
3341
3768
4303
7560
7410
991
4115
6358
7353
1888
715
2015
8581
2307
6037
2500
8918
154
1433
4959
7178
8209
8804
4546
6795
4833
3789
8402
4324
8882
7467
5466
1899
2633
7710
9624
7083
8250
3099
5585
375
7518
6113
3617
901
6092
803
1405
7083
8852
3093
1409
2224
6008
5316
9467
8444
6814
1299
7376
9426
6848
305
470
4981
549
6998
8793
5938
4786
6650
6120
2774
3235
51
8893
5193
4260
507
6052
8480
6923
4772
1374
857
7836
7762
25
5123
1669
9323
9731
1409
2640
1409
8819
9448
8324
342
2814
3586
7012
8662
2837
9153
6367
5272
553
4421
9961
7972
5015
4458
324
5710
8704
2883
1527
3625
4900
9587
6467
3980
1399
1764
4044
5165
8690
804
7565
9209
4492
4261
9942
687
7616
6931
2376
825
2048
4700
6597
9426
7482
6404
2470
9196
7341
4161
9560
4954
7191
967
1514
6814
386
6916
284
2377
6369
7934
4875
7037
3107
132
1245
8896
2994
1555
3802
7223
6919
514
586
3771
9895
9677
4905
4984
7097
8786
8555
5492
636
1083
682
3157
1058
621
653
7707
2488
5715
5384
3300
904
9197
9118
385
6445
394
7381
1044
18
1342
4481
8663
9696
3386
8236
8935
9132
2215
8298
3670
609
7079
8315
5323
2846
4320
2700
5515
1077
2173
8287
8176
3762
1996
2740
9114
8327
2815
8217
9506
4546
1909
2939
3863
4985
9765
9004
6890
2461
963
318
1802
1475
8150
8013
5466
6988
6094
7590
3733
9004
412
250
4031
7916
991
9384
3873
8599
364
954
8050
7288
7855
601
4563
8902
1792
3023
4044
6412
2659
8732
530
9030
4690
8469
3091
2605
4194
8812
5405
3605
9386
1138
7838
3522
3803
4517
438
4711
234
8140
8094
9340
6946
974
804
5511
47
1023
8433
1139
7467
5778
2587
6361
9298
2387
9697
2189
3255
1356
3386
4131
5780
9925
4432
6469
231
2294
7576
2451
9757
9697
3151
7712
7283
7934
8580
4395
1555
5932
2600
9795
2974
2534
9135
2145
9132
1836
2962
9517
7563
9155
3601
9152
8397
563
8065
9959
399
1111
9165
702
5398
2780
6429
7310
163
5023
5382
2052
7347
8714
7563
9982
3722
4414
648
699
2999
4927
343
6706
2938
6047
3679
7366
2429
878
5959
9070
9466
8257
5914
7856
3777
4262
7381
6563
3367
5987
4929
6859
1249
3134
5381
451
3051
8025
3199
2406
6368
1273
4030
2619
606
9194
1156
2351
3913
1934
1145
5065
5435
3682
1383
7781
6780
2723
1188
7238
351
1163
1045
8338
7326
494
8340
6597
9192
7133
8917
8004
110
4841
8468
5082
7578
8568
1925
1352
7570
7372
9482
2843
8434
6348
1474
7629
2556
2339
1510
9804
5429
8363
3644
4703
7162
5344
127
6109
1675
1654
5550
7267
1743
5551
6589
2235
3970
2034
7991
409
5783
9204
7377
5604
9133
2516
2850
759
8601
6688
4358
3882
3246
4474
3256
7719
10
4874
4538
1776
7797
9673
988
7137
9739
5509
1087
129
4466
5745
8227
673
8842
6337
274
8989
334
5160
8046
7242
4952
3005
3608
7430
5313
7790
4952
5320
1170
7929
9436
5010
889
646
2565
7012
2246
1090
9059
1886
8650
429
2267
366
6105
2402
9915
8606
2767
3767
9916
106
177
900
5457
2217
5081
3905
736
1871
4986
7878
3483
2067
9394
819
8512
9510
2032
7787
4516
3499
8269
743
9554
2668
645
4989
6548
2043
4248
9657
1810
1966
4300
6707
8571
6995
4638
5966
1054
5578
1934
9879
2520
5154
5293
9730
7341
7904
581
9136
3723
2189
1681
6208
9385
9215
5548
5697
9876
5027
2032
7064
5163
5343
650
1739
8967
3864
6392
829
3536
1110
9399
5220
5965
9973
8815
5658
6951
4052
5741
3562
5785
576
2384
210
3224
3919
7024
4749
9282
7847
2995
7981
6104
8781
9710
5098
6800
7719
3641
9423
2927
2299
1819
686
6080
7030
8324
2430
7097
9087
4867
961
1147
656
7473
1552
6618
2775
248
9527
8854
8023
4336
8366
2580
8179
5036
8884
5860
8556
6924
1307
5997
7998
9623
3793
6341
4402
2001
1667
8024
908
2833
8658
7934
5705
4734
800
6465
495
1933
4581
75
6547
2331
8215
1904
4967
8395
3173
2336
2864
5635
9652
5083
3637
8848
3822
3077
4630
2863
3152
6087
7487
8783
2397
9248
207
2927
2646
3412
7119
4732
7223
2301
1681
5479
6640
4579
2288
8429
3827
2820
5784
603
8520
2124
7016
7318
8575
3912
4818
3264
6450
5943
3044
6401
3086
6798
8655
5212
3535
7522
3190
3222
9881
4191
3637
2714
1905
7892
2006
4466
9645
2714
1698
6308
1544
2964
4614
6143
6110
944
3172
6489
1204
3310
1105
1998
8508
1497
8178
3336
413
6352
3300
2525
4840
8060
9555
5840
2689
1414
8479
5286
9128
7157
1495
8196
485
2208
1907
6601
536
3502
2370
125
8213
9921
11
6573
4371
5088
9874
2165
7523
8806
8955
1587
6488
3475
1551
5476
9749
3591
7925
4715
3572
2714
1106
9199
2258
874
9438
9171
8913
1009
2174
166
2887
8926
2857
1477
5274
9397
3564
7403
8202
8074
7365
8871
9553
5074
5235
2193
4604
3938
5466
3512
4901
3042
8864
5763
1879
5854
3056
5210
6489
771
285
3650
5507
6504
7006
3000
8782
374
7252
6681
8560
4937
9980
9850
2512
3445
8963
7075
7900
8575
453
6733
3305
5403
3455
3511
7232
1794
6320
3671
3919
2127
4978
9252
7527
3896
4269
7936
9184
9984
1018
374
2923
7076
5924
9309
2403
91
3546
3736
499
6475
4406
4962
8450
5935
5278
4117
865
5876
1538
3358
7353
287
8607
5615
5456
752
4504
935
7505
453
8042
1114
6142
9176
8116
572
2511
1361
9357
2233
3750
4650
8712
7964
9028
4581
236
963
7577
8062
5599
6769
5632
631
8671
149
437
8853
9731
4440
8019
4458
1909
2904
5889
7429
9599
7534
8142
2171
6439
3863
3725
7221
6359
3597
928
8015
8335
7552
9322
5135
1627
4088
4157
5190
1940
7018
8501
7516
7347
1437
3727
8154
829
7437
2397
8615
4585
5129
2889
6475
9596
4468
8531
8738
7190
6181
8186
9198
9554
9798
4645
7374
3924
8287
9004
7608
9516
9785
7915
550
9512
4341
2876
1515
868
684
2729
5846
4472
4518
8774
2978
350
7223
7823
8390
3225
6207
5821
8221
440
1013
3003
3203
8385
8860
372
5545
7640
4718
5658
70
497
658
8818
5434
5746
5933
7027
547
4741
4183
1010
5956
5850
5406
3837
5392
1381
2845
4756
9055
2694
164
2004
6075
4480
6403
7066
5205
7390
4385
1755
7294
3507
2643
3535
4909
7762
6418
5981
7204
2644
6717
1945
5390
589
571
1176
5975
3276
7142
9667
733
701
673
6492
3431
7333
3873
2298
4854
3370
4899
2999
809
944
7859
6277
7859
3630
8134
5279
6625
2720
6297
4901
4008
8218
2759
9100
5994
7520
9258
9003
4965
7541
8027
7218
1656
8690
9562
9364
9084
850
824
9223
2
3899
4661
3144
695
8729
7403
6546
9718
1091
7882
9998
2790
2794
7388
53
5463
3876
9666
5224
2789
8055
6218
1218
3429
9321
398
7510
7234
9513
7128
3261
2158
7213
1780
4816
8751
4012
9365
8068
177
8402
3334
2774
5613
3292
205
3348
4214
9294
2123
2864
911
3443
1710
2417
542
57
6947
1886
9553
2520
4233
7765
8100
4671
9805
3171
7159
6022
3725
1144
198
1213
5999
213
9144
2429
4570
6803
1217
5184
3167
3047
3976
8940
3099
4836
6678
9206
3746
6397
593
9098
8125
7463
9790
9888
2082
9433
7477
5610
1274
4297
2574
6112
1850
9892
822
6571
9882
5378
5860
9626
8885
3414
9130
7218
8140
8239
5642
1167
4142
4972
9915
996
7784
1605
6498
7816
1488
2713
2813
9873
8608
1680
8557
2433
2943
872
3064
501
4986
2621
2482
7121
998
7026
6243
4663
2303
9718
9922
5613
2114
3768
4747
7369
7824
8766
2649
1771
9334
429
5355
8379
9773
3844
5911
9674
4538
5656
3709
8343
3032
511
2186
6466
7905
944
428
5394
3310
6815
6929
8339
3254
1161
6479
1966
3080
3389
1920
506
9587
9281
4446
6625
5660
4521
5372
2170
6247
8209
9999
1158
4835
8603
52
8143
4744
4003
8478
7643
5822
1154
7951
6365
6933
6390
629
558
1106
9649
6997
5736
6407
8615
1255
6545
3684
6503
7075
4130
4493
294
3516
3975
6622
5204
924
8308
1461
8489
5851
7121
4638
5251
8279
2839
2345
7635
372
5593
2872
9435
1563
7924
9807
8254
7656
5331
912
856
1974
6703
2499
1833
8948
5687
6759
230
6580
6052
4333
4257
2404
4774
4792
6690
2112
7133
3508
3332
8417
7354
1039
5299
5831
7765
4369
9594
5228
7792
6993
4226
1167
9669
4549
3692
9514
4669
5482
8148
2686
9628
8989
2201
7445
363
1990
2559
2287
7513
974
1849
6821
877
7678
2882
6142
4312
882
3709
7280
7871
4233
6051
1323
7106
5426
7146
5097
3250
2352
5231
2454
4258
3814
8803
7851
4331
228
5087
5314
7157
4717
3619
752
3054
7507
4287
9276
8895
5494
2537
9853
8836
6755
256
5061
7955
8787
1586
3580
8423
2105
2780
4062
3484
6922
7324
2613
8568
9021
1895
1761
7270
5628
813
4531
8188
3062
931
8915
4593
554
5945
9401
3056
9570
6983
5604
2168
984
2342
1766
5019
1476
765
2537
7754
9308
6263
4672
8878
190
632
7466
2094
9288
903
6235
1494
7076
8442
2606
5935
7633
1429
7807
3494
7863
3077
1819
1288
7913
859
1451
8870
6006
9170
3507
2819
5766
1141
6563
4336
6942
6649
678
4471
1229
1857
7847
3911
9740
9932
2124
1425
3029
5254
5988
2457
2613
7185
762
9552
8735
5903
9626
3205
3811
1235
5644
8300
5178
4423
5465
5154
9644
4787
146
9613
1933
8320
3791
4957
5986
407
1124
685
6988
6428
6060
2707
8120
2303
8432
5933
4583
4450
4760
3612
1078
6898
8521
3842
7500
4270
2033
1054
7375
5641
1972
7764
9167
2701
2114
8257
7945
4765
8883
2111
8453
129
2068
9144
8536
3205
5599
8190
8156
8783
7880
1991
2184
4036
8718
1839
5636
3776
8699
9450
5567
8201
4342
5108
6441
5790
7663
6016
9121
8938